1111111111111111111111111
1010100000000000000000001
1010101110111111111111101
1010100010001010000010001
1010111011101010101110111
1010000000101010100000101
1011111111101010111111101
1000001000101000001000001
1111101010101111101011101
1000101010100010001000101
1011101010111010111010111
1000100010000010001010001
1010111111111111101011101
1010001000001000101000101
1011101011101010101111101
1000101010101010100010001
1111101010101010111010101
1000001010100010001000101
1011101010111111101111101
1000101010001000000000101
1110111010101010111110101
1000100010101010100010101
1011101110101011101011101
1000000000101000001000001
1111111111111111111111111
